H2A.	Z.wip	H2BK15ac.wip	H3K18ac.wip	H3K27me3.wip	H3K4me3.wip	H3K9ac.wip	H4K8ac.wip	H2AK5ac.wip	H2BK20ac.wip	H3K23ac.wip	H3K36me3.wip	H3K56ac.wip	H3K9me3.wip	H4K91ac.wip	H2BK120ac.wip	H2BK5ac.wip	H3K23me2.wip	H3K4ac.wip	H3K79me1.wip	H4K20me1.wip	H2BK12ac.wip	H3K14ac.wip	H3K27ac.wip	H3K4me2.wip	H3K79me2.wip	H4K5ac.wip
0.999999999999	0.674471814681	0.678730394081	0.514283302676	0.318753142988	0.562169472176	0.588172842122	0.635744617593	0.672266139909	0.675038060794	0.466150120295	0.613003595394	0.51144360831	0.671184504786	0.671395946727	0.639657748718	0.667535960185	0.672749540566	0.588781047769	0.602170664713	0.645549773419	0.689737425981	0.482665910564	0.38931095962	0.597930410955	0.539026534566	0.674471814681
0.999999999999	0.789125766844	0.58481665599	0.305880074527	0.612247706319	0.601463085028	0.762505397706	0.819301070353	0.805680526684	0.550878702827	0.708355114723	0.579683485787	0.788888339297	0.789949942221	0.733509007379	0.793556294457	0.800116938851	0.700779509524	0.727970666473	0.753434078505	0.810041589191	0.525218339387	0.375580052546	0.725789029552	0.600141266704	0.678730394081	0.789125766844
0.999999999998	0.55822602664	0.321553418234	0.609208133784	0.624447957492	0.7505779258	0.790363144497	0.781903004957	0.532002956837	0.694625237338	0.546247494769	0.804788137944	0.800367354543	0.734637616375	0.759340532023	0.797909604519	0.682932687807	0.698671266261	0.757544437479	0.802012962144	0.56645720869	0.425662216243	0.697387398183	0.637290067583	0.514283302676	0.58481665599	0.55822602664
0.999999999991	0.274351310138	0.496012506956	0.453581008496	0.546609813375	0.580923080467	0.583799497666	0.449902004727	0.546690068418	0.492192742714	0.550504297759	0.561635972445	0.53158686839	0.598197237181	0.567594217064	0.529098522978	0.564801889481	0.540425216075	0.578910094514	0.384057035095	0.322419789571	0.555599042149	0.443937378266	0.318753142988	0.305880074527	0.321553418234	0.274351310138
1.00000000001	0.384919519423	0.339383788678	0.299505826138	0.303904047932	0.313084605413	0.247264041996	0.303955872917	0.241306390291	0.317516703062	0.314254650756	0.312951332453	0.32169442429	0.315830140105	0.298842478238	0.304639736927	0.304063321987	0.321070358926	0.339371261966	0.511242054201	0.304849197794	0.318380866761	0.562169472176	0.612247706319	0.609208133784	0.496012506956	0.384919519423
0.999999999984	0.534133748933	0.582372037608	0.607921456104	0.620913071689	0.487084716445	0.596726199713	0.464440652629	0.594036793888	0.602537691973	0.591447300247	0.634280787266	0.606804537025	0.57901511823	0.599154236633	0.58978962755	0.618207060952	0.522323790792	0.427984909949	0.604605036373	0.563338232331	0.588172842122	0.601463085028	0.624447957492	0.453581008496	0.339383788678	0.534133748933
1.0	0.612912600522	0.595555905474	0.593877959117	0.487096185384	0.525759438338	0.435012919158	0.642351250181	0.60981977925	0.659670793663	0.572944796455	0.629505477506	0.605327902993	0.611637616121	0.585188362662	0.621951126399	0.470057587254	0.400914258095	0.551575274621	0.494189881795	0.635744617593	0.762505397706	0.7505779258	0.546609813375	0.299505826138	0.582372037608	0.612912600522
1.00000000001	0.758517466502	0.750652233078	0.532502716954	0.667519724108	0.541905656068	0.758892791783	0.746452785609	0.733295560815	0.73358927819	0.760003492545	0.689564092077	0.707907277663	0.743926071614	0.758905740299	0.519461756463	0.384029972714	0.694201734212	0.584922626874	0.672266139909	0.819301070353	0.790363144497	0.580923080467	0.303904047932	0.607921456104	0.595555905474	0.758517466502
0.999999999998	0.798831179184	0.552081431693	0.709846979258	0.582174716183	0.790441691739	0.794677482247	0.730590559112	0.789027336126	0.797853971288	0.694279026837	0.719524463801	0.755316119322	0.804895120061	0.535677305103	0.383548017859	0.721203509927	0.611174816653	0.675038060794	0.805680526684	0.781903004957	0.583799497666	0.313084605413	0.620913071689	0.593877959117	0.750652233078	0.798831179184
1.0	0.555883464227	0.712402975351	0.57148538801	0.769685505712	0.777055838974	0.73327867746	0.797571549218	0.787989988449	0.711757314543	0.736611248097	0.745854805728	0.819973690173	0.5254146264	0.382642886402	0.731861918351	0.598942229586	0.466150120295	0.550878702827	0.532002956837	0.449902004727	0.247264041996	0.487084716445	0.487096185384	0.532502716954	0.552081431693	0.555883464227
0.999999999997	0.525607428345	0.482111282835	0.534235846845	0.537773339195	0.566300169492	0.570405606961	0.549616387258	0.593097147823	0.610060580692	0.511580517245	0.549544264066	0.400698155592	0.279139061047	0.574000878635	0.449814686476	0.613003595394	0.708355114723	0.694625237338	0.546690068418	0.303955872917	0.596726199713	0.525759438338	0.667519724108	0.709846979258	0.712402975351	0.525607428345
0.999999999998	0.563039656831	0.685061781031	0.697302536571	0.652982912112	0.730025362063	0.698381735645	0.633323583218	0.676454365155	0.668543240749	0.711592452622	0.507922888341	0.363906304519	0.678315382153	0.585876525209	0.51144360831	0.579683485787	0.546247494769	0.492192742714	0.241306390291	0.464440652629	0.435012919158	0.541905656068	0.582174716183	0.57148538801	0.482111282835	0.563039656831
0.999999999995	0.548468686119	0.558611588469	0.531708151654	0.60397344895	0.564072096018	0.532525647456	0.552544514937	0.526680366	0.572291867846	0.37353475661	0.258310605648	0.571339982075	0.437815913524	0.671184504786	0.788888339297	0.804788137944	0.550504297759	0.317516703062	0.594036793888	0.642351250181	0.758892791783	0.790441691739	0.769685505712	0.534235846845	0.685061781031	0.548468686119
1.0	0.802843810889	0.743728187017	0.747574624226	0.803143054201	0.68392239477	0.702090743699	0.751500354772	0.79264395219	0.551544335773	0.412586663604	0.688953162478	0.613973158722	0.671395946727	0.789949942221	0.800367354543	0.561635972445	0.314254650756	0.602537691973	0.60981977925	0.746452785609	0.794677482247	0.777055838974	0.537773339195	0.697302536571	0.558611588469	0.802843810889
0.999999999998	0.726561870798	0.761376302311	0.794870292948	0.678652402169	0.696615332829	0.75260873913	0.792256121188	0.55517874712	0.409183242883	0.696973729545	0.625940715487	0.639657748718	0.733509007379	0.734637616375	0.53158686839	0.312951332453	0.591447300247	0.659670793663	0.733295560815	0.730590559112	0.73327867746	0.566300169492	0.652982912112	0.531708151654	0.743728187017	0.726561870798
0.999999999998	0.717338353628	0.745632621466	0.707584761491	0.72158555937	0.710620443727	0.747095005504	0.519906919254	0.38291609851	0.684528801065	0.575717384963	0.667535960185	0.793556294457	0.759340532023	0.598197237181	0.32169442429	0.634280787266	0.572944796455	0.73358927819	0.789027336126	0.797571549218	0.570405606961	0.730025362063	0.60397344895	0.747574624226	0.761376302311	0.717338353628
1.0	0.770596743142	0.704101358108	0.738979561338	0.729407266943	0.791959686884	0.519451116736	0.375366935369	0.745000125563	0.599943334715	0.672749540566	0.800116938851	0.797909604519	0.567594217064	0.315830140105	0.606804537025	0.629505477506	0.760003492545	0.797853971288	0.787989988449	0.549616387258	0.698381735645	0.564072096018	0.803143054201	0.794870292948	0.745632621466	0.770596743142
0.999999999999	0.700264056185	0.721799024492	0.748742317204	0.803504864065	0.537842245314	0.39579459241	0.709788206664	0.604683024419	0.588781047769	0.700779509524	0.682932687807	0.529098522978	0.298842478238	0.57901511823	0.605327902993	0.689564092077	0.694279026837	0.711757314543	0.593097147823	0.633323583218	0.532525647456	0.68392239477	0.678652402169	0.707584761491	0.704101358108	0.700264056185
0.999999999998	0.748493397871	0.657513355566	0.707734187784	0.480293792462	0.352893394169	0.723079774673	0.535973641308	0.602170664713	0.727970666473	0.698671266261	0.564801889481	0.304639736927	0.599154236633	0.611637616121	0.707907277663	0.719524463801	0.736611248097	0.610060580692	0.676454365155	0.552544514937	0.702090743699	0.696615332829	0.72158555937	0.738979561338	0.721799024492	0.748493397871
0.999999999999	0.669976607954	0.731412548581	0.475297632354	0.350133370684	0.732758787347	0.535306395064	0.645549773419	0.753434078505	0.757544437479	0.540425216075	0.304063321987	0.58978962755	0.585188362662	0.743926071614	0.755316119322	0.745854805728	0.511580517245	0.668543240749	0.526680366	0.751500354772	0.75260873913	0.710620443727	0.729407266943	0.748742317204	0.657513355566	0.669976607954
0.999999999999	0.752526486602	0.552227205156	0.41066866542	0.676558811665	0.62474154658	0.689737425981	0.810041589191	0.802012962144	0.578910094514	0.321070358926	0.618207060952	0.621951126399	0.758905740299	0.804895120061	0.819973690173	0.549544264066	0.711592452622	0.572291867846	0.79264395219	0.792256121188	0.747095005504	0.791959686884	0.803504864065	0.707734187784	0.731412548581	0.752526486602
1.0	0.535208544144	0.397786855775	0.720954673372	0.605359919226	0.482665910564	0.525218339387	0.56645720869	0.384057035095	0.339371261966	0.522323790792	0.470057587254	0.519461756463	0.535677305103	0.5254146264	0.400698155592	0.507922888341	0.37353475661	0.551544335773	0.55517874712	0.519906919254	0.519451116736	0.537842245314	0.480293792462	0.475297632354	0.552227205156	0.535208544144
1.00000000001	0.502526403584	0.508194718886	0.691829413538	0.38931095962	0.375580052546	0.425662216243	0.322419789571	0.511242054201	0.427984909949	0.400914258095	0.384029972714	0.383548017859	0.382642886402	0.279139061047	0.363906304519	0.258310605648	0.412586663604	0.409183242883	0.38291609851	0.375366935369	0.39579459241	0.352893394169	0.350133370684	0.41066866542	0.397786855775	0.502526403584
1.0	0.365080768588	0.497204235517	0.597930410955	0.725789029552	0.697387398183	0.555599042149	0.304849197794	0.604605036373	0.551575274621	0.694201734212	0.721203509927	0.731861918351	0.574000878635	0.678315382153	0.571339982075	0.688953162478	0.696973729545	0.684528801065	0.745000125563	0.709788206664	0.723079774673	0.732758787347	0.676558811665	0.720954673372	0.508194718886	0.365080768588
0.999999999998	0.583391942089	0.539026534566	0.600141266704	0.637290067583	0.443937378266	0.318380866761	0.563338232331	0.494189881795	0.584922626874	0.611174816653	0.598942229586	0.449814686476	0.585876525209	0.437815913524	0.613973158722	0.625940715487	0.575717384963	0.599943334715	0.604683024419	0.535973641308	0.535306395064	0.62474154658	0.605359919226	0.691829413538	0.497204235517	0.583391942089
0.999999999999
