H2A.Z.wip	H2AK5ac.wip	H2BK120ac.wip	H2BK12ac.wip	H2BK15ac.wip	H2BK20ac.wip	H2BK5ac.wip	H3K14ac.wip	H3K18ac.wip	H3K23ac.wip	H3K23me2.wip	H3K27ac.wip	H3K27me3.wip	H3K36me3.wip	H3K4ac.wip	H3K4me2.wip	H3K4me3.wip	H3K56ac.wip	H3K79me1.wip	H3K79me2.wip	H3K9ac.wip	H3K9me3.wip	H4K20me1.wip	H4K5ac.wip	H4K8ac.wip	H4K91ac.wip
H2A.Z.wig	H2AK5ac.wig	H2AK9ac.wig	H2BK120ac.wig	H2BK12ac.wig	H2BK15ac.wig	H2BK20ac.wig	H2BK5ac.wig	H3K14ac.wig	H3K18ac.wig	H3K23ac.wig	H3K27ac.wig	H3K27me3.wig	H3K36me3.wig	H3K4ac.wig	H3K4me1.wig	H3K4me2.wig	H3K4me3.wig	H3K56ac.wig	H3K79me1.wig	H3K79me2.wig	H3K9ac.wig	H3K9me1.wig	H3K9me3.wig	H4K20me1.wig	H4K5ac.wig	H4K8ac.wig	H4K91ac.wig
0.8779856573818766	0.7856575984393779	0.8802652827170321	0.8581316332014652	0.8179287918727993	0.8409405066348659	0.8701673718362354	0.8638059424411976	0.8724281969673787	0.6028368352071067	0.8706035723322701	0.6311303564846658	0.8668007073139995	0.8618536334953026	0.8052366586246305	0.7937522111637505	0.6604145542617461	0.25670411116407255	0.8650504457205085	0.8644661479607694	0.870113985624781	0.7851258841116868	0.8799275660792174	0.8366192571448751	0.8573015966714702	0.7103645215693366	0.7993225319430566	0.8740395304674874	
0.949820651604546	0.7781386484319439	0.9502557480936487	0.8520667581851907	0.8118391213021389	0.8358063302984852	0.9270375143784382	0.9435965544145775	0.8909592157296828	0.5984156934077018	0.9206211410353339	0.6293357757712285	0.905791506352865	0.8575197838895899	0.7967666577544588	0.7898976362297967	0.6546442348277648	0.25156083944052077	0.9440250826425776	0.9442727237129873	0.9337597003236678	0.7777983086005463	0.8959952587421022	0.9176046763129689	0.9389830117038707	0.7058006883257286	0.7930555497378481	0.8803976777734028	
0.9440837606092757	0.7651876280869906	0.9408135708287758	0.8425461887431182	0.8008294192213852	0.8255881789982922	0.9197554422934545	0.9585013645736153	0.8822283758256916	0.5875241895966645	0.9126819271156784	0.6186722010104168	0.8997439201533622	0.8494591077412506	0.7840611387500158	0.7788532340672844	0.6435496781446114	0.2464270081255311	0.9464515528089205	0.9521718357790866	0.9254156382576315	0.7662950498155541	0.8845043987798257	0.932183255950372	0.9754120117947953	0.6939812485168056	0.7815356636801086	0.8716206522047361	
0.9503072570982461	0.776309281943592	0.9480211254354485	0.8509294888559729	0.8107075785245059	0.8347493783712494	0.926142652412091	0.9458318709284053	0.8902564773862665	0.5980734017608138	0.9196958098215666	0.6287656247177567	0.9052586210350269	0.8558960210506452	0.7948725710768523	0.7890270099840295	0.6538748978842084	0.2511203550621364	0.9462962230869933	0.9461665759858005	0.9319382643811274	0.7766960092504838	0.8946141600341786	0.9202138012769123	0.9413813648106013	0.7047726766201166	0.7917492372303894	0.8794330320251835	
0.9400620739060144	0.7602328668751794	0.9366376031489625	0.8383864370215015	0.7964040186509174	0.821275206307645	0.9162960172144712	0.9556081808308663	0.8784015069888045	0.583056332969542	0.9092353785349587	0.6142249730840459	0.8966530319258286	0.8457003946819945	0.7791026192969479	0.7740757086403787	0.6388245425132915	0.2443487621082345	0.9434043774581873	0.9492450663709378	0.9219131682729003	0.7611826336494791	0.8792909938922759	0.9313480444837845	0.9829196268298728	0.6890918550352092	0.776857194108596	0.867675995686437	
0.9401819841095425	0.7602448182132329	0.9367929773126595	0.8384263551217523	0.7963656293765788	0.8213399031456017	0.9162967006626699	0.9557325792668134	0.8783428395404507	0.5830660210136025	0.90920605998565	0.6143272936233584	0.8966349337354882	0.8458296228820263	0.7791704219397784	0.774107370692497	0.6388482401752171	0.24437890402813192	0.9434830533227316	0.9493443624726043	0.9219821346451551	0.7612896602790797	0.879352147643907	0.9313297203273434	0.9830054337949168	0.6891582291286897	0.7768765072565673	0.8676916240461168	
0.9362093091234225	0.7841210735425787	0.9374767783022486	0.8565777505554355	0.817018736282602	0.8401918717660625	0.930722718930897	0.9256411477136839	0.8944492482666568	0.6031050924714657	0.9243499807677841	0.6345379939352137	0.9072822771050324	0.8625464300009723	0.8033156059296762	0.7949225741786828	0.6600649748338154	0.25430673131593107	0.9268714607311084	0.9271498907132343	0.9328290160921336	0.7838719750234977	0.9014480256316901	0.8979648302752479	0.9202798246719993	0.7117806166785932	0.7986846203976488	0.8847007021793272	
0.9417694527011808	0.7615533328957639	0.9385597986149711	0.8395334932858887	0.7974559612657209	0.8222653599302951	0.917438784544026	0.9559791100255391	0.8791331449954735	0.5837639808204385	0.9103560926684682	0.6149149389434453	0.8968260166959955	0.846310589521748	0.7804649876775808	0.7747828524970372	0.6396807839302768	0.24481486267763394	0.94415086701478	0.9498754760298165	0.9229265479396024	0.7620324233509332	0.8801273206808061	0.931109960034475	0.9830644583129803	0.6899950003123082	0.7780303010969906	0.8687738487522171	
0.9442293386218075	0.7660670526952336	0.9409368709306076	0.8431908019203287	0.8015829662240961	0.8263207794595935	0.9201446220343263	0.9586065812467865	0.8830825723873237	0.5886286064371757	0.9132953119619145	0.619650879545321	0.9003497038651944	0.8497308847691125	0.7848609935897677	0.7798433443007091	0.6443040928800146	0.24670206249090382	0.9466265789144144	0.9525500305896664	0.9257902067940069	0.7670071326274424	0.8853642171258149	0.9325086058130196	0.9742882120533558	0.6949491671177253	0.7824137955971171	0.8722432100968247	
0.9435935421197433	0.7638686450876869	0.9405386931356842	0.8415059051119268	0.799661931945589	0.8243498037067839	0.9192296914347197	0.9574830042284693	0.8811378461269727	0.5855933350824346	0.91214105157837	0.6168220881656249	0.8980673137961567	0.8478893013298613	0.7824833843876834	0.77677156257902	0.6415943140170409	0.2455884258968071	0.945758147722456	0.9514268873992039	0.9244549385770432	0.7640496624486764	0.8824248795636082	0.9313806628085023	0.9802844554747849	0.6919920815595776	0.7802311663822518	0.8706862657381597	
0.9381805350142882	0.75798909321696	0.9347882843320734	0.8365526618437737	0.7942784609857325	0.8193006849061337	0.9146694305544525	0.9542835468598367	0.876454287287838	0.5812309748359437	0.9075024170316051	0.6125144692037978	0.8950909510958662	0.8441911189232145	0.7770082691834059	0.7720927557975013	0.6370273912213944	0.2436377441978512	0.9421167315576331	0.9478790575743581	0.9202838947284278	0.7591944886741588	0.877050377663561	0.9309217328595889	0.9819644267160568	0.68706933898273	0.7747406971070339	0.8658525217318405	
0.7107343961808381	0.7340942761947369	0.7107853164886019	0.7232366635463098	0.7289911699355016	0.7259781816856355	0.7138997288629522	0.7100799687372455	0.7199472706367375	0.6279232252888525	0.7149873328776634	0.6579682961835766	0.7129384047214545	0.7196307574511096	0.7333450700334826	0.7377721037944351	0.680143781967542	0.2695679210527195	0.7108865314139059	0.7106998539668312	0.7142369001505045	0.7369396185266015	0.7253877709990186	0.6901916738997338	0.7057768932796508	0.7297177192157535	0.732713396027925	0.7201205034353058	
0.8304310295884514	0.7752612261066743	0.8310494606332175	0.8346302164113982	0.8091663676211465	0.8336051151164365	0.8296648839850572	0.8274779591910214	0.8328106713303335	0.5963365656014439	0.8302085869789276	0.6276992646248529	0.8283495893559293	0.8336058326998944	0.7946068746413768	0.7882713033598718	0.6535205543895564	0.2520342566149085	0.8275013502820989	0.8271459638856715	0.8297307281793292	0.7765417421173066	0.8374198755463955	0.8045457019749933	0.8231169501720019	0.7037883733133552	0.7903252302898227	0.8331234483684499	
0.832336239442962	0.7866930108828267	0.8331125174565335	0.8410051077368926	0.8190546116036048	0.8418618061078087	0.8329325207702322	0.828500806118756	0.8374787772255384	0.6080208525817614	0.8335403819399666	0.6433132793146015	0.8282133305783207	0.8439636105351083	0.80575073949479	0.7994882093484845	0.6658936270196443	0.26041146719458674	0.8287795725143223	0.8293786451788576	0.8343346098316449	0.7879822279971429	0.8427554908601489	0.8027203958868837	0.8230361635410384	0.7181891737598323	0.8014454123618571	0.8383931177006256	
0.944947702185924	0.7660017539179617	0.9416798391501862	0.843174662234823	0.8015376677776885	0.8262318753618525	0.920196246833783	0.9586871665004302	0.8828265812214645	0.5879356710266156	0.9133214097800224	0.619071893367796	0.8998641733152888	0.8498372814480569	0.7847739169179458	0.7792857885369047	0.6439823297825996	0.2466616711645046	0.9466749803827875	0.9525598321495554	0.9259545700942575	0.7666814344243905	0.8851132102213655	0.932164676695647	0.9742330318991709	0.6944332926954199	0.7821948502752574	0.8721850598160891	
0.6729322952751379	0.7007658984608841	0.6733504748884839	0.6858248770626915	0.6925914923960912	0.6884534669914905	0.6742848191061451	0.6667389216008718	0.6808657082123414	0.6382447297126822	0.6763899380498638	0.6678344896665888	0.674499565897413	0.6835036086531392	0.7010908259630201	0.7029832378897638	0.6965586232864581	0.2853591648574569	0.6690383033675883	0.6690855917328786	0.6759874307120961	0.7042346750770963	0.6876195149870634	0.645897703792257	0.6621618502335971	0.7129636291562399	0.6971175347140876	0.6816340852905122	
0.4602894754508024	0.48509778558788536	0.4610894048321851	0.47026593106199327	0.47670581687340396	0.4725077179323225	0.4603373960075276	0.453653991457117	0.46524361613687165	0.4981296273226315	0.46177286974687703	0.49645509947718097	0.46053011003227934	0.47274424987866476	0.48497102029938044	0.483296602408749	0.49990421707675775	0.3092701486546424	0.45488376118681173	0.4552751302908822	0.4620119090015714	0.48871109337561414	0.47196794411849263	0.43536328252817247	0.44844694914774574	0.4923720369366887	0.47968843815873263	0.46642784058157355	
0.9412778631973174	0.7629665659882562	0.937812567070359	0.8411000016820416	0.7990029352983778	0.8239910864102568	0.9183001771991554	0.9587797879548042	0.8808419413247326	0.5865199577742637	0.9111970709957831	0.6177643950233984	0.8986987833158123	0.8482606125352323	0.7820661677043935	0.7773639721988558	0.6423789490472848	0.2463678671334446	0.9456203799377486	0.9511181174777176	0.9237649502901838	0.7646320032030622	0.8822451280346341	0.9323386371879582	0.96933317846939	0.6923332749717489	0.7796597629317356	0.87022775503754	
0.9429083581812154	0.7805380816753786	0.9440970805881066	0.8537638579642113	0.8139592912580128	0.8373079511919052	0.9287090854393241	0.9340652272635502	0.8921885708428109	0.5991984582377956	0.9222862491645812	0.6310010226221103	0.904485751495826	0.8602162077791555	0.798819611720144	0.7909709264902157	0.6562144016869106	0.25286971267000746	0.9353274503274367	0.9355955593303233	0.9353519317410229	0.7793004294505684	0.8968279460453822	0.9067822332904552	0.9291613049135555	0.7076821828708885	0.795469249968188	0.8820903405811665	
0.9402112411524293	0.761418354219308	0.9368181752325859	0.8393531415323023	0.7974798285040623	0.8223625524824434	0.9169523390010497	0.9560066973376151	0.8791472409233907	0.584383885900182	0.9099294900239157	0.615781743897788	0.8969944861993167	0.8470821725795346	0.7805224375893332	0.7755705027155684	0.6403494464417308	0.2451570416100183	0.9441131045780664	0.9499657192918747	0.9228994962301189	0.7626192606726994	0.8802066944531854	0.9313419263333471	0.9828000213273332	0.6906406518211465	0.7780867048488309	0.8686407528533961	
0.8314957390447526	0.7814833909377138	0.8317762365376785	0.8410976512748135	0.8152334997838498	0.8385856301178461	0.8335509948027887	0.8309387586106337	0.8395691552884784	0.6072278063464276	0.835380958325903	0.6402658075521501	0.8322428670452166	0.8384834938779661	0.7992222853797822	0.7973368381526825	0.6634662055075595	0.2598507505131397	0.8315148024794482	0.8309815383149708	0.83320049322346	0.7834615156119618	0.8435503985839978	0.8076093822242085	0.8265943818494601	0.7138991169561677	0.7975463322890269	0.8391100878804759	
0.935917707296912	0.7553741985286992	0.9326883213989754	0.8335781148983572	0.7911797172570946	0.8161604123242548	0.9118260126343412	0.9509467169753091	0.8729230521069872	0.5783693872347158	0.9044904975359693	0.6093492127693424	0.8913808058437985	0.8413873309422402	0.7745133029405609	0.7683494226008734	0.6340270853142581	0.24230812768046453	0.9389142082551225	0.9444468478371312	0.9175479162927527	0.7558612380853093	0.8728340078653272	0.9295905190970141	0.978360807310506	0.68403317782091	0.7716537931233658	0.8629299088729167	
0.9427274448099856	0.7635745709070914	0.9394211701659076	0.8410544307523965	0.7993081876993123	0.8240252336560094	0.9184209677808383	0.9574297225965294	0.8808082921403075	0.5857500721322219	0.9115499121308918	0.617239333071122	0.8979366919581661	0.8484968071851239	0.7824744996160442	0.7771407240951773	0.6418198847723638	0.2457124692410416	0.9451036034268366	0.9512925498532349	0.9244712476294132	0.7644054842128468	0.8824737392890984	0.931485314501919	0.9803024882049107	0.6923198628609842	0.7799955177404417	0.8701914286204935	
0.9160607413228927	0.7727962035222694	0.9158351755993843	0.8479143766507709	0.8077697663724561	0.8320022638271447	0.9186216132834243	0.9169954699199317	0.8873700329247358	0.6013548650342121	0.9157428714778811	0.6320732611185504	0.9034113732791214	0.8537572515430275	0.7918358561340031	0.7897958516499369	0.654771765504797	0.25187691311476285	0.9173980875382842	0.9171290037365305	0.9187357681322713	0.7750160366786574	0.8903640635470287	0.8954649626522271	0.9140047952428254	0.7059361366967536	0.7895767097830166	0.8762264938340413	
0.7633305139921328	0.797441408617796	0.7645766008722504	0.7725432662342534	0.7829972594363332	0.7759673419024349	0.7573379326391997	0.7438428407717035	0.7642940740851706	0.6426831216575116	0.7598000923378022	0.675067365999552	0.7576942638516059	0.7786415448961769	0.8024436696349285	0.7924398612613086	0.7043777099894283	0.2806539006710539	0.746712511016297	0.7489325576994457	0.7646615582443755	0.8027669017159479	0.7795254482099487	0.7165417105514553	0.7367488285799075	0.7582248686703227	0.7883802353130983	0.7670129767590644	
0.9455851841011551	0.7664924551801153	0.9423727044917038	0.8433680004975095	0.8019256639075021	0.8265290191541794	0.9204277518104496	0.9588812093360941	0.8830040240381241	0.5882204460412108	0.9135829488274414	0.6192491252711383	0.9001205910499896	0.8499377711624154	0.7852322235388707	0.7796345498603605	0.644190981832403	0.2467656345309734	0.946666345627488	0.9527451434805032	0.9263092121514047	0.7670450731667531	0.8854621709767061	0.9320644640280848	0.9739463114901707	0.6947557099919308	0.7826369252055851	0.8724378951807408	
